#Redshift - Mass [Msun] - dNdM [Mpc^-3 Msun^-1]
10.0 1.000e+06 6.277e-04
10.0 1.100e+06 5.166e-04
10.0 1.210e+06 4.250e-04
10.0 1.331e+06 3.496e-04
10.0 1.464e+06 2.875e-04
10.0 1.611e+06 2.364e-04
10.0 1.772e+06 1.943e-04
10.0 1.949e+06 1.597e-04
10.0 2.144e+06 1.313e-04
10.0 2.358e+06 1.078e-04
10.0 2.594e+06 8.857e-05
10.0 2.853e+06 7.273e-05
10.0 3.138e+06 5.971e-05
10.0 3.452e+06 4.901e-05
10.0 3.797e+06 4.021e-05
10.0 4.177e+06 3.299e-05
10.0 4.595e+06 2.706e-05
10.0 5.054e+06 2.218e-05
10.0 5.560e+06 1.818e-05
10.0 6.116e+06 1.490e-05
10.0 6.727e+06 1.221e-05
10.0 7.400e+06 9.998e-06
10.0 8.140e+06 8.186e-06
10.0 8.954e+06 6.700e-06
10.0 9.850e+06 5.483e-06
10.0 1.083e+07 4.485e-06
10.0 1.192e+07 3.667e-06
10.0 1.311e+07 2.998e-06
10.0 1.442e+07 2.449e-06
10.0 1.586e+07 2.001e-06
10.0 1.745e+07 1.634e-06
10.0 1.919e+07 1.334e-06
10.0 2.111e+07 1.088e-06
10.0 2.323e+07 8.875e-07
10.0 2.555e+07 7.235e-07
10.0 2.810e+07 5.897e-07
10.0 3.091e+07 4.803e-07
10.0 3.400e+07 3.911e-07
10.0 3.740e+07 3.183e-07
10.0 4.114e+07 2.590e-07
10.0 4.526e+07 2.106e-07
10.0 4.979e+07 1.711e-07
10.0 5.476e+07 1.390e-07
10.0 6.024e+07 1.129e-07
10.0 6.626e+07 9.159e-08
10.0 7.289e+07 7.429e-08
10.0 8.018e+07 6.022e-08
10.0 8.820e+07 4.879e-08
10.0 9.702e+07 3.950e-08
10.0 1.067e+08 3.197e-08
10.0 1.174e+08 2.585e-08
10.0 1.291e+08 2.089e-08
10.0 1.420e+08 1.688e-08
10.0 1.562e+08 1.362e-08
10.0 1.719e+08 1.099e-08
10.0 1.891e+08 8.856e-09
10.0 2.080e+08 7.133e-09
10.0 2.288e+08 5.742e-09
10.0 2.516e+08 4.618e-09
10.0 2.768e+08 3.711e-09
10.0 3.045e+08 2.980e-09
10.0 3.349e+08 2.391e-09
10.0 3.684e+08 1.917e-09
10.0 4.053e+08 1.535e-09
10.0 4.458e+08 1.229e-09
10.0 4.904e+08 9.825e-10
10.0 5.394e+08 7.848e-10
10.0 5.933e+08 6.263e-10
10.0 6.527e+08 4.993e-10
10.0 7.180e+08 3.977e-10
10.0 7.897e+08 3.164e-10
10.0 8.687e+08 2.514e-10
10.0 9.556e+08 1.996e-10
10.0 1.051e+09 1.583e-10
10.0 1.156e+09 1.253e-10
10.0 1.272e+09 9.916e-11
10.0 1.399e+09 7.834e-11
10.0 1.539e+09 6.181e-11
10.0 1.693e+09 4.871e-11
10.0 1.862e+09 3.833e-11
10.0 2.048e+09 3.012e-11
10.0 2.253e+09 2.363e-11
10.0 2.479e+09 1.852e-11
10.0 2.726e+09 1.449e-11
10.0 2.999e+09 1.132e-11
10.0 3.299e+09 8.824e-12
10.0 3.629e+09 6.870e-12
10.0 3.992e+09 5.339e-12
10.0 4.391e+09 4.142e-12
10.0 4.830e+09 3.207e-12
10.0 5.313e+09 2.479e-12
10.0 5.844e+09 1.912e-12
10.0 6.429e+09 1.472e-12
10.0 7.072e+09 1.131e-12
10.0 7.779e+09 8.668e-13
10.0 8.557e+09 6.630e-13
10.0 9.412e+09 5.060e-13
10.0 1.035e+10 3.852e-13
10.0 1.139e+10 2.926e-13
10.0 1.253e+10 2.216e-13
10.0 1.378e+10 1.675e-13
10.0 1.516e+10 1.262e-13
10.0 1.667e+10 9.485e-14
10.0 1.834e+10 7.108e-14
10.0 2.018e+10 5.311e-14
10.0 2.219e+10 3.956e-14
10.0 2.441e+10 2.938e-14
10.0 2.685e+10 2.174e-14
10.0 2.954e+10 1.604e-14
10.0 3.249e+10 1.179e-14
10.0 3.574e+10 8.635e-15
10.0 3.932e+10 6.301e-15
10.0 4.325e+10 4.580e-15
10.0 4.757e+10 3.316e-15
10.0 5.233e+10 2.391e-15
10.0 5.757e+10 1.717e-15
10.0 6.332e+10 1.227e-15
10.0 6.965e+10 8.732e-16
10.0 7.662e+10 6.184e-16
10.0 8.428e+10 4.358e-16
10.0 9.271e+10 3.056e-16
10.0 1.020e+11 2.131e-16
10.0 1.122e+11 1.478e-16
10.0 1.234e+11 1.020e-16
10.0 1.357e+11 6.992e-17
10.0 1.493e+11 4.766e-17
10.0 1.642e+11 3.228e-17
10.0 1.807e+11 2.172e-17
10.0 1.987e+11 1.452e-17
10.0 2.186e+11 9.635e-18
10.0 2.405e+11 6.348e-18
10.0 2.645e+11 4.151e-18
10.0 2.910e+11 2.693e-18
10.0 3.201e+11 1.733e-18
10.0 3.521e+11 1.106e-18
10.0 3.873e+11 6.992e-19
10.0 4.260e+11 4.382e-19
10.0 4.686e+11 2.720e-19
10.0 5.155e+11 1.672e-19
10.0 5.670e+11 1.017e-19
10.0 6.237e+11 6.122e-20
10.0 6.861e+11 3.644e-20
10.0 7.547e+11 2.144e-20
10.0 8.301e+11 1.247e-20
10.0 9.132e+11 7.157e-21
