#Redshift - Mass [Msun] - dNdM [Mpc^-3 Msun^-1]
1.000e+06 6.277e-04 8.519e-04 7.395e-04 4.904e-04
1.050e+06 5.681e-04 7.742e-04 6.733e-04 4.468e-04
1.102e+06 5.142e-04 7.036e-04 6.130e-04 4.070e-04
1.158e+06 4.653e-04 6.393e-04 5.581e-04 3.708e-04
1.216e+06 4.211e-04 5.810e-04 5.081e-04 3.378e-04
1.276e+06 3.810e-04 5.280e-04 4.626e-04 3.078e-04
1.340e+06 3.447e-04 4.798e-04 4.212e-04 2.804e-04
1.407e+06 3.119e-04 4.360e-04 3.835e-04 2.554e-04
1.477e+06 2.822e-04 3.961e-04 3.492e-04 2.327e-04
1.551e+06 2.553e-04 3.600e-04 3.179e-04 2.120e-04
1.629e+06 2.309e-04 3.271e-04 2.894e-04 1.932e-04
1.710e+06 2.089e-04 2.972e-04 2.635e-04 1.760e-04
1.796e+06 1.890e-04 2.700e-04 2.399e-04 1.603e-04
1.886e+06 1.709e-04 2.454e-04 2.184e-04 1.461e-04
1.980e+06 1.546e-04 2.229e-04 1.989e-04 1.331e-04
2.079e+06 1.398e-04 2.025e-04 1.811e-04 1.213e-04
2.183e+06 1.264e-04 1.840e-04 1.649e-04 1.105e-04
2.292e+06 1.143e-04 1.672e-04 1.501e-04 1.007e-04
2.407e+06 1.034e-04 1.519e-04 1.367e-04 9.172e-05
2.527e+06 9.347e-05 1.380e-04 1.244e-04 8.357e-05
2.653e+06 8.451e-05 1.254e-04 1.133e-04 7.615e-05
2.786e+06 7.640e-05 1.139e-04 1.031e-04 6.938e-05
2.925e+06 6.907e-05 1.035e-04 9.391e-05 6.322e-05
3.072e+06 6.243e-05 9.400e-05 8.550e-05 5.760e-05
3.225e+06 5.643e-05 8.539e-05 7.785e-05 5.248e-05
3.386e+06 5.100e-05 7.757e-05 7.088e-05 4.782e-05
3.556e+06 4.610e-05 7.046e-05 6.453e-05 4.357e-05
3.733e+06 4.166e-05 6.400e-05 5.875e-05 3.970e-05
3.920e+06 3.764e-05 5.814e-05 5.349e-05 3.618e-05
4.116e+06 3.402e-05 5.281e-05 4.870e-05 3.297e-05
4.322e+06 3.073e-05 4.797e-05 4.434e-05 3.004e-05
4.538e+06 2.777e-05 4.357e-05 4.037e-05 2.737e-05
4.765e+06 2.509e-05 3.957e-05 3.676e-05 2.494e-05
5.003e+06 2.266e-05 3.594e-05 3.347e-05 2.273e-05
5.253e+06 2.047e-05 3.264e-05 3.047e-05 2.071e-05
5.516e+06 1.849e-05 2.965e-05 2.774e-05 1.887e-05
5.792e+06 1.670e-05 2.692e-05 2.526e-05 1.720e-05
6.081e+06 1.508e-05 2.445e-05 2.300e-05 1.567e-05
6.385e+06 1.362e-05 2.221e-05 2.094e-05 1.428e-05
6.705e+06 1.229e-05 2.017e-05 1.906e-05 1.301e-05
7.040e+06 1.110e-05 1.831e-05 1.736e-05 1.186e-05
7.392e+06 1.002e-05 1.663e-05 1.580e-05 1.081e-05
7.762e+06 9.047e-06 1.510e-05 1.439e-05 9.848e-06
8.150e+06 8.166e-06 1.371e-05 1.310e-05 8.974e-06
8.557e+06 7.371e-06 1.245e-05 1.193e-05 8.178e-06
8.985e+06 6.652e-06 1.130e-05 1.086e-05 7.453e-06
9.434e+06 6.003e-06 1.026e-05 9.887e-06 6.792e-06
9.906e+06 5.417e-06 9.319e-06 9.001e-06 6.190e-06
1.040e+07 4.888e-06 8.461e-06 8.195e-06 5.641e-06
1.092e+07 4.410e-06 7.681e-06 7.462e-06 5.141e-06
1.147e+07 3.978e-06 6.973e-06 6.793e-06 4.685e-06
1.204e+07 3.589e-06 6.331e-06 6.185e-06 4.270e-06
1.264e+07 3.237e-06 5.747e-06 5.631e-06 3.891e-06
1.327e+07 2.919e-06 5.217e-06 5.127e-06 3.546e-06
1.394e+07 2.633e-06 4.736e-06 4.668e-06 3.232e-06
1.464e+07 2.374e-06 4.299e-06 4.250e-06 2.946e-06
1.537e+07 2.140e-06 3.902e-06 3.869e-06 2.685e-06
1.614e+07 1.930e-06 3.542e-06 3.523e-06 2.447e-06
1.694e+07 1.740e-06 3.214e-06 3.207e-06 2.230e-06
1.779e+07 1.568e-06 2.917e-06 2.920e-06 2.032e-06
1.868e+07 1.413e-06 2.648e-06 2.658e-06 1.852e-06
1.961e+07 1.274e-06 2.403e-06 2.420e-06 1.688e-06
2.059e+07 1.148e-06 2.181e-06 2.203e-06 1.539e-06
2.162e+07 1.034e-06 1.979e-06 2.006e-06 1.402e-06
2.270e+07 9.316e-07 1.796e-06 1.826e-06 1.278e-06
2.384e+07 8.392e-07 1.630e-06 1.663e-06 1.165e-06
2.503e+07 7.559e-07 1.479e-06 1.514e-06 1.062e-06
2.628e+07 6.808e-07 1.342e-06 1.378e-06 9.679e-07
2.760e+07 6.131e-07 1.217e-06 1.255e-06 8.822e-07
2.898e+07 5.520e-07 1.104e-06 1.142e-06 8.041e-07
3.043e+07 4.970e-07 1.002e-06 1.040e-06 7.329e-07
3.195e+07 4.474e-07 9.090e-07 9.467e-07 6.680e-07
3.355e+07 4.027e-07 8.247e-07 8.618e-07 6.089e-07
3.522e+07 3.625e-07 7.481e-07 7.846e-07 5.550e-07
3.698e+07 3.262e-07 6.786e-07 7.143e-07 5.059e-07
3.883e+07 2.935e-07 6.155e-07 6.503e-07 4.611e-07
4.077e+07 2.641e-07 5.583e-07 5.920e-07 4.203e-07
4.281e+07 2.376e-07 5.064e-07 5.389e-07 3.831e-07
4.495e+07 2.137e-07 4.593e-07 4.906e-07 3.493e-07
4.720e+07 1.922e-07 4.165e-07 4.466e-07 3.184e-07
4.956e+07 1.728e-07 3.777e-07 4.066e-07 2.902e-07
5.204e+07 1.554e-07 3.425e-07 3.701e-07 2.645e-07
5.464e+07 1.397e-07 3.106e-07 3.369e-07 2.411e-07
5.737e+07 1.256e-07 2.816e-07 3.067e-07 2.198e-07
6.024e+07 1.129e-07 2.554e-07 2.792e-07 2.004e-07
6.325e+07 1.014e-07 2.315e-07 2.542e-07 1.827e-07
6.642e+07 9.113e-08 2.099e-07 2.314e-07 1.665e-07
6.974e+07 8.187e-08 1.903e-07 2.106e-07 1.518e-07
7.322e+07 7.354e-08 1.725e-07 1.917e-07 1.384e-07
7.689e+07 6.605e-08 1.564e-07 1.745e-07 1.261e-07
8.073e+07 5.932e-08 1.417e-07 1.589e-07 1.150e-07
8.477e+07 5.326e-08 1.285e-07 1.446e-07 1.048e-07
8.901e+07 4.781e-08 1.164e-07 1.316e-07 9.556e-08
9.346e+07 4.292e-08 1.055e-07 1.198e-07 8.712e-08
9.813e+07 3.852e-08 9.564e-08 1.091e-07 7.942e-08
1.030e+08 3.456e-08 8.667e-08 9.927e-08 7.240e-08
1.082e+08 3.101e-08 7.853e-08 9.036e-08 6.601e-08
1.136e+08 2.782e-08 7.116e-08 8.225e-08 6.017e-08
1.193e+08 2.495e-08 6.447e-08 7.486e-08 5.486e-08
1.252e+08 2.237e-08 5.841e-08 6.814e-08 5.001e-08
1.315e+08 2.006e-08 5.292e-08 6.202e-08 4.560e-08
1.381e+08 1.798e-08 4.793e-08 5.645e-08 4.157e-08
1.450e+08 1.612e-08 4.342e-08 5.138e-08 3.790e-08
1.522e+08 1.444e-08 3.933e-08 4.676e-08 3.455e-08
1.598e+08 1.294e-08 3.562e-08 4.256e-08 3.150e-08
1.678e+08 1.159e-08 3.226e-08 3.874e-08 2.872e-08
1.762e+08 1.038e-08 2.921e-08 3.526e-08 2.618e-08
1.850e+08 9.298e-09 2.645e-08 3.209e-08 2.387e-08
1.943e+08 8.325e-09 2.395e-08 2.920e-08 2.176e-08
2.040e+08 7.452e-09 2.169e-08 2.658e-08 1.984e-08
2.142e+08 6.670e-09 1.963e-08 2.419e-08 1.809e-08
2.249e+08 5.968e-09 1.777e-08 2.201e-08 1.650e-08
2.362e+08 5.339e-09 1.609e-08 2.003e-08 1.504e-08
2.480e+08 4.776e-09 1.456e-08 1.823e-08 1.371e-08
2.604e+08 4.271e-09 1.318e-08 1.659e-08 1.250e-08
2.734e+08 3.819e-09 1.193e-08 1.510e-08 1.140e-08
2.871e+08 3.414e-09 1.080e-08 1.374e-08 1.039e-08
3.014e+08 3.051e-09 9.769e-09 1.250e-08 9.477e-09
3.165e+08 2.726e-09 8.839e-09 1.138e-08 8.641e-09
3.323e+08 2.435e-09 7.997e-09 1.035e-08 7.878e-09
3.489e+08 2.175e-09 7.234e-09 9.419e-09 7.183e-09
3.664e+08 1.942e-09 6.544e-09 8.571e-09 6.550e-09
3.847e+08 1.734e-09 5.919e-09 7.799e-09 5.972e-09
4.039e+08 1.548e-09 5.354e-09 7.096e-09 5.445e-09
4.241e+08 1.381e-09 4.842e-09 6.456e-09 4.965e-09
4.453e+08 1.232e-09 4.378e-09 5.874e-09 4.527e-09
4.676e+08 1.099e-09 3.959e-09 5.345e-09 4.128e-09
4.910e+08 9.798e-10 3.579e-09 4.863e-09 3.764e-09
5.155e+08 8.734e-10 3.236e-09 4.424e-09 3.432e-09
5.413e+08 7.784e-10 2.925e-09 4.025e-09 3.130e-09
5.683e+08 6.936e-10 2.644e-09 3.662e-09 2.854e-09
5.968e+08 6.179e-10 2.389e-09 3.331e-09 2.602e-09
6.266e+08 5.502e-10 2.159e-09 3.031e-09 2.373e-09
6.579e+08 4.899e-10 1.951e-09 2.757e-09 2.164e-09
6.908e+08 4.360e-10 1.763e-09 2.508e-09 1.973e-09
7.254e+08 3.880e-10 1.593e-09 2.282e-09 1.799e-09
7.616e+08 3.452e-10 1.439e-09 2.075e-09 1.640e-09
7.997e+08 3.070e-10 1.300e-09 1.888e-09 1.496e-09
8.397e+08 2.729e-10 1.174e-09 1.717e-09 1.364e-09
8.817e+08 2.426e-10 1.060e-09 1.562e-09 1.244e-09
9.258e+08 2.156e-10 9.570e-10 1.421e-09 1.134e-09
9.721e+08 1.915e-10 8.640e-10 1.292e-09 1.034e-09
1.021e+09 1.700e-10 7.800e-10 1.175e-09 9.432e-10
1.072e+09 1.510e-10 7.041e-10 1.069e-09 8.601e-10
1.125e+09 1.340e-10 6.354e-10 9.720e-10 7.843e-10
1.182e+09 1.189e-10 5.734e-10 8.840e-10 7.152e-10
1.241e+09 1.054e-10 5.174e-10 8.039e-10 6.522e-10
1.303e+09 9.348e-11 4.668e-10 7.310e-10 5.948e-10
1.368e+09 8.286e-11 4.211e-10 6.648e-10 5.424e-10
1.436e+09 7.342e-11 3.798e-10 6.045e-10 4.946e-10
1.508e+09 6.503e-11 3.426e-10 5.497e-10 4.510e-10
1.583e+09 5.758e-11 3.089e-10 4.998e-10 4.113e-10
1.663e+09 5.097e-11 2.785e-10 4.544e-10 3.751e-10
1.746e+09 4.510e-11 2.511e-10 4.132e-10 3.420e-10
1.833e+09 3.989e-11 2.263e-10 3.756e-10 3.119e-10
1.925e+09 3.527e-11 2.040e-10 3.415e-10 2.844e-10
2.021e+09 3.117e-11 1.838e-10 3.105e-10 2.594e-10
2.122e+09 2.754e-11 1.656e-10 2.822e-10 2.366e-10
2.228e+09 2.432e-11 1.492e-10 2.566e-10 2.157e-10
2.339e+09 2.147e-11 1.344e-10 2.332e-10 1.967e-10
2.456e+09 1.895e-11 1.210e-10 2.120e-10 1.794e-10
2.579e+09 1.672e-11 1.090e-10 1.927e-10 1.636e-10
2.708e+09 1.474e-11 9.814e-11 1.751e-10 1.492e-10
2.844e+09 1.299e-11 8.834e-11 1.592e-10 1.361e-10
2.986e+09 1.145e-11 7.951e-11 1.447e-10 1.241e-10
3.135e+09 1.008e-11 7.155e-11 1.315e-10 1.132e-10
3.292e+09 8.875e-12 6.438e-11 1.195e-10 1.032e-10
3.456e+09 7.809e-12 5.792e-11 1.086e-10 9.410e-11
3.629e+09 6.868e-12 5.209e-11 9.865e-11 8.582e-11
3.811e+09 6.038e-12 4.685e-11 8.964e-11 7.826e-11
4.001e+09 5.306e-12 4.212e-11 8.144e-11 7.137e-11
4.201e+09 4.660e-12 3.787e-11 7.400e-11 6.509e-11
4.411e+09 4.091e-12 3.404e-11 6.723e-11 5.935e-11
4.632e+09 3.590e-12 3.059e-11 6.107e-11 5.413e-11
4.863e+09 3.148e-12 2.748e-11 5.548e-11 4.936e-11
5.107e+09 2.760e-12 2.469e-11 5.039e-11 4.502e-11
5.362e+09 2.418e-12 2.217e-11 4.577e-11 4.105e-11
5.630e+09 2.117e-12 1.991e-11 4.158e-11 3.744e-11
5.911e+09 1.853e-12 1.787e-11 3.776e-11 3.414e-11
6.207e+09 1.621e-12 1.604e-11 3.429e-11 3.113e-11
6.517e+09 1.417e-12 1.440e-11 3.114e-11 2.839e-11
6.843e+09 1.239e-12 1.292e-11 2.828e-11 2.589e-11
7.185e+09 1.082e-12 1.159e-11 2.568e-11 2.361e-11
7.545e+09 9.441e-13 1.039e-11 2.331e-11 2.153e-11
7.922e+09 8.236e-13 9.317e-12 2.117e-11 1.964e-11
8.318e+09 7.181e-13 8.352e-12 1.922e-11 1.791e-11
8.734e+09 6.257e-13 7.486e-12 1.744e-11 1.633e-11
9.171e+09 5.448e-13 6.707e-12 1.584e-11 1.489e-11
9.629e+09 4.742e-13 6.008e-12 1.437e-11 1.358e-11
1.011e+10 4.124e-13 5.381e-12 1.305e-11 1.238e-11
1.062e+10 3.584e-13 4.818e-12 1.184e-11 1.129e-11
1.115e+10 3.113e-13 4.313e-12 1.074e-11 1.030e-11
1.170e+10 2.703e-13 3.860e-12 9.749e-12 9.390e-12
1.229e+10 2.344e-13 3.453e-12 8.846e-12 8.562e-12
1.290e+10 2.032e-13 3.089e-12 8.026e-12 7.808e-12
1.355e+10 1.761e-13 2.762e-12 7.281e-12 7.120e-12
1.423e+10 1.524e-13 2.469e-12 6.605e-12 6.492e-12
1.494e+10 1.319e-13 2.207e-12 5.992e-12 5.920e-12
1.568e+10 1.140e-13 1.972e-12 5.434e-12 5.398e-12
1.647e+10 9.846e-14 1.761e-12 4.929e-12 4.923e-12
1.729e+10 8.499e-14 1.573e-12 4.470e-12 4.489e-12
1.816e+10 7.330e-14 1.404e-12 4.053e-12 4.093e-12
1.907e+10 6.318e-14 1.253e-12 3.675e-12 3.732e-12
2.002e+10 5.441e-14 1.118e-12 3.332e-12 3.403e-12
2.102e+10 4.682e-14 9.968e-13 3.020e-12 3.103e-12
2.207e+10 4.025e-14 8.887e-13 2.738e-12 2.829e-12
2.317e+10 3.458e-14 7.921e-13 2.482e-12 2.580e-12
2.433e+10 2.968e-14 7.058e-13 2.249e-12 2.352e-12
2.555e+10 2.546e-14 6.287e-13 2.038e-12 2.145e-12
2.683e+10 2.181e-14 5.598e-13 1.847e-12 1.955e-12
2.817e+10 1.868e-14 4.983e-13 1.673e-12 1.783e-12
2.958e+10 1.598e-14 4.434e-13 1.516e-12 1.625e-12
3.105e+10 1.365e-14 3.944e-13 1.373e-12 1.482e-12
3.261e+10 1.166e-14 3.506e-13 1.244e-12 1.351e-12
3.424e+10 9.943e-15 3.117e-13 1.126e-12 1.232e-12
3.595e+10 8.473e-15 2.769e-13 1.020e-12 1.123e-12
3.775e+10 7.213e-15 2.459e-13 9.235e-13 1.024e-12
3.963e+10 6.135e-15 2.183e-13 8.361e-13 9.334e-13
4.162e+10 5.212e-15 1.938e-13 7.569e-13 8.509e-13
4.370e+10 4.424e-15 1.719e-13 6.851e-13 7.757e-13
4.588e+10 3.751e-15 1.524e-13 6.200e-13 7.071e-13
4.818e+10 3.177e-15 1.351e-13 5.611e-13 6.446e-13
5.059e+10 2.688e-15 1.197e-13 5.076e-13 5.876e-13
5.311e+10 2.272e-15 1.060e-13 4.593e-13 5.357e-13
5.577e+10 1.918e-15 9.382e-14 4.154e-13 4.883e-13
5.856e+10 1.617e-15 8.301e-14 3.757e-13 4.451e-13
6.149e+10 1.362e-15 7.342e-14 3.398e-13 4.057e-13
6.456e+10 1.146e-15 6.490e-14 3.072e-13 3.698e-13
6.779e+10 9.625e-16 5.734e-14 2.777e-13 3.370e-13
7.118e+10 8.077e-16 5.064e-14 2.511e-13 3.072e-13
7.474e+10 6.769e-16 4.470e-14 2.269e-13 2.800e-13
7.847e+10 5.666e-16 3.944e-14 2.050e-13 2.552e-13
8.240e+10 4.737e-16 3.477e-14 1.853e-13 2.326e-13
8.652e+10 3.955e-16 3.065e-14 1.674e-13 2.119e-13
9.084e+10 3.297e-16 2.700e-14 1.512e-13 1.932e-13
9.539e+10 2.745e-16 2.377e-14 1.365e-13 1.760e-13
1.002e+11 2.283e-16 2.091e-14 1.233e-13 1.604e-13
1.052e+11 1.895e-16 1.839e-14 1.113e-13 1.462e-13
1.104e+11 1.571e-16 1.616e-14 1.004e-13 1.332e-13
1.159e+11 1.301e-16 1.420e-14 9.065e-14 1.214e-13
1.217e+11 1.075e-16 1.246e-14 8.179e-14 1.106e-13
1.278e+11 8.874e-17 1.094e-14 7.379e-14 1.008e-13
1.342e+11 7.313e-17 9.589e-15 6.656e-14 9.180e-14
1.409e+11 6.017e-17 8.402e-15 6.002e-14 8.364e-14
1.480e+11 4.942e-17 7.358e-15 5.412e-14 7.620e-14
1.554e+11 4.053e-17 6.439e-15 4.878e-14 6.942e-14
1.631e+11 3.318e-17 5.631e-15 4.397e-14 6.324e-14
1.713e+11 2.712e-17 4.921e-15 3.962e-14 5.760e-14
1.799e+11 2.213e-17 4.298e-15 3.569e-14 5.247e-14
1.889e+11 1.802e-17 3.751e-15 3.214e-14 4.780e-14
1.983e+11 1.465e-17 3.271e-15 2.895e-14 4.353e-14
2.082e+11 1.189e-17 2.851e-15 2.606e-14 3.965e-14
2.186e+11 9.630e-18 2.482e-15 2.346e-14 3.611e-14
2.296e+11 7.785e-18 2.160e-15 2.111e-14 3.289e-14
2.410e+11 6.281e-18 1.878e-15 1.899e-14 2.995e-14
2.531e+11 5.058e-18 1.632e-15 1.708e-14 2.727e-14
2.657e+11 4.065e-18 1.416e-15 1.536e-14 2.483e-14
2.790e+11 3.260e-18 1.229e-15 1.381e-14 2.261e-14
2.930e+11 2.609e-18 1.065e-15 1.241e-14 2.059e-14
3.076e+11 2.083e-18 9.220e-16 1.115e-14 1.874e-14
3.230e+11 1.660e-18 7.977e-16 1.002e-14 1.706e-14
3.392e+11 1.320e-18 6.895e-16 8.994e-15 1.553e-14
3.561e+11 1.047e-18 5.955e-16 8.075e-15 1.414e-14
3.739e+11 8.284e-19 5.138e-16 7.247e-15 1.287e-14
3.926e+11 6.541e-19 4.429e-16 6.502e-15 1.171e-14
4.123e+11 5.152e-19 3.814e-16 5.833e-15 1.066e-14
4.329e+11 4.048e-19 3.281e-16 5.230e-15 9.703e-15
4.545e+11 3.172e-19 2.820e-16 4.688e-15 8.830e-15
4.772e+11 2.480e-19 2.421e-16 4.201e-15 8.035e-15
5.011e+11 1.933e-19 2.077e-16 3.764e-15 7.310e-15
5.262e+11 1.503e-19 1.779e-16 3.371e-15 6.651e-15
5.525e+11 1.166e-19 1.523e-16 3.018e-15 6.051e-15
5.801e+11 9.017e-20 1.302e-16 2.701e-15 5.504e-15
6.091e+11 6.953e-20 1.112e-16 2.416e-15 5.007e-15
6.395e+11 5.347e-20 9.482e-17 2.161e-15 4.554e-15
6.715e+11 4.099e-20 8.078e-17 1.932e-15 4.142e-15
7.051e+11 3.134e-20 6.874e-17 1.726e-15 3.767e-15
7.403e+11 2.388e-20 5.842e-17 1.542e-15 3.425e-15
7.774e+11 1.814e-20 4.959e-17 1.377e-15 3.114e-15
8.162e+11 1.374e-20 4.204e-17 1.229e-15 2.831e-15
8.570e+11 1.037e-20 3.559e-17 1.096e-15 2.574e-15
8.999e+11 7.800e-21 3.009e-17 9.779e-16 2.340e-15
9.449e+11 5.848e-21 2.541e-17 8.717e-16 2.127e-15
9.921e+11 4.369e-21 2.142e-17 7.768e-16 1.933e-15
